static int MATRIZ_DE_PRODUCCIONES[][92] = {
    {1032,1009,1000,1010,1013,   2,  12,1014,   0},
    {  -1,   0,   0,   0,   0,   0,   0,   0,   0},
    {1027,   3,1027,   0,   0,   0,   0,   0,   0},
    {2017,   7,   5,2019,1026,   4,   0,   0,   0},
    {   3,   0,   0,   0,   0,   0,   0,   0,   0},
    {  -1,   0,   0,   0,   0,   0,   0,   0,   0},
    {   8,   6,   0,   0,   0,   0,   0,   0,   0},
    {1025,   5,   0,   0,   0,   0,   0,   0,   0},
    {  -1,   0,   0,   0,   0,   0,   0,   0,   0},
    {1033,   0,   0,   0,   0,   0,   0,   0,   0},
    {1034,   0,   0,   0,   0,   0,   0,   0,   0},
    {1035,   0,   0,   0,   0,   0,   0,   0,   0},
    {1036,   0,   0,   0,   0,   0,   0,   0,   0},
    {2018,1000,   9,   0,   0,   0,   0,   0,   0},
    {  10,   0,   0,   0,   0,   0,   0,   0,   0},
    {  -1,   0,   0,   0,   0,   0,   0,   0,   0},
    {1011,1001,1012,  11,   0,   0,   0,   0,   0},
    {  10,   0,   0,   0,   0,   0,   0,   0,   0},
    {  -1,   0,   0,   0,   0,   0,   0,   0,   0},
    {1037,  13,1038,   0,   0,   0,   0,   0,   0},
    {  15,  14,   0,   0,   0,   0,   0,   0,   0},
    {  13,   0,   0,   0,   0,   0,   0,   0,   0},
    {  -1,   0,   0,   0,   0,   0,   0,   0,   0},
    {  16,   0,   0,   0,   0,   0,   0,   0,   0},
    {  19,   0,   0,   0,   0,   0,   0,   0,   0},
    {  18,1026,  17,   0,   0,   0,   0,   0,   0},
    {  -1,   0,   0,   0,   0,   0,   0,   0,   0},
    {  16,   0,   0,   0,   0,   0,   0,   0,   0},
    {  -1,   0,   0,   0,   0,   0,   0,   0,   0},
    {  20,   0,   0,   0,   0,   0,   0,   0,   0},
    {  21,   0,   0,   0,   0,   0,   0,   0,   0},
    {  23,   0,   0,   0,   0,   0,   0,   0,   0},
    {  24,   0,   0,   0,   0,   0,   0,   0,   0},
    {  25,   0,   0,   0,   0,   0,   0,   0,   0},
    {  28,   0,   0,   0,   0,   0,   0,   0,   0},
    {1013,  13,1014,   0,   0,   0,   0,   0,   0},
    {  31,2022,1019,  36,   0,   0,   0,   0,   0},
    {1039,1009,  36,2028,1010,  13,  22,2030,1040},
    {  -1,   0,   0,   0,   0,   0,   0,   0,   0},
    {2029,1041,  13,   0,   0,   0,   0,   0,   0},
    {2023,1042,1009,  36,2024,1010,  13,2025,1043},
    {2026,1044,  13,1045,1009,  36,1010,2027,1046},
    {1047,1009,  26,1010,   0,   0,   0,   0,   0},
    {2020,1000,  27,   0,   0,   0,   0,   0,   0},
    {1025,  26,   0,   0,   0,   0,   0,   0,   0},
    {  -1,   0,   0,   0,   0,   0,   0,   0,   0},
    {1048,1009,  29,1010,   0,   0,   0,   0,   0},
    {  36,2021,  30,   0,   0,   0,   0,   0,   0},
    {1025,  29,   0,   0,   0,   0,   0,   0,   0},
    {  -1,   0,   0,   0,   0,   0,   0,   0,   0},
    {2001,1000,  32,   0,   0,   0,   0,   0,   0},
    {  33,   0,   0,   0,   0,   0,   0,   0,   0},
    {  -1,   0,   0,   0,   0,   0,   0,   0,   0},
    {1011,  34,1012,   0,   0,   0,   0,   0,   0},
    {  36,  35,   0,   0,   0,   0,   0,   0,   0},
    {1025,  34,   0,   0,   0,   0,   0,   0,   0},
    {  -1,   0,   0,   0,   0,   0,   0,   0,   0},
    {2016,  38,  37,   0,   0,   0,   0,   0,   0},
    {2002,1016,  36,   0,   0,   0,   0,   0,   0},
    {  -1,   0,   0,   0,   0,   0,   0,   0,   0},
    {2015,  40,  39,   0,   0,   0,   0,   0,   0},
    {2003,1015,  38,   0,   0,   0,   0,   0,   0},
    {  -1,   0,   0,   0,   0,   0,   0,   0,   0},
    {2014,  41,   0,   0,   0,   0,   0,   0,   0},
    {2004,1017,  41,   0,   0,   0,   0,   0,   0},
    {  43,  42,   0,   0,   0,   0,   0,   0,   0},
    {2012,  49,2013,  43,   0,   0,   0,   0,   0},
    {  -1,   0,   0,   0,   0,   0,   0,   0,   0},
    {2011,  46,  44,   0,   0,   0,   0,   0,   0},
    {  45,   0,   0,   0,   0,   0,   0,   0,   0},
    {  -1,   0,   0,   0,   0,   0,   0,   0,   0},
    {2005,1004,  43,   0,   0,   0,   0,   0,   0},
    {2005,1005,  43,   0,   0,   0,   0,   0,   0},
    {2010,  50,  47,   0,   0,   0,   0,   0,   0},
    {  48,   0,   0,   0,   0,   0,   0,   0,   0},
    {  -1,   0,   0,   0,   0,   0,   0,   0,   0},
    {2006,1006,  46,   0,   0,   0,   0,   0,   0},
    {2006,1007,  46,   0,   0,   0,   0,   0,   0},
    {2006,1008,  46,   0,   0,   0,   0,   0,   0},
    {1020,   0,   0,   0,   0,   0,   0,   0,   0},
    {1018,   0,   0,   0,   0,   0,   0,   0,   0},//19
    {1023,   0,   0,   0,   0,   0,   0,   0,   0},//23
    {1024,   0,   0,   0,   0,   0,   0,   0,   0},//23
    {1021,   0,   0,   0,   0,   0,   0,   0,   0},
    {1022,   0,   0,   0,   0,   0,   0,   0,   0},
    {2001,  31,   0,   0,   0,   0,   0,   0,   0,   0},
    {2007,1001,   0,   0,   0,   0,   0,   0,   0},
    {2007,1002,   0,   0,   0,   0,   0,   0,   0},
    {2007,1003,   0,   0,   0,   0,   0,   0,   0},
    {2007,1030,   0,   0,   0,   0,   0,   0,   0},
    {2007,1031,   0,   0,   0,   0,   0,   0,   0},
    {2008,1009,  36,2009,1010,   0,   0,   0,   0},
};
